4294967278,58
4294967279,67
4294967279,66
4294967279,64
4294967279,290
4294967279,274
4294967279,273
4294967279,272
4294967279,271
4294967279,270
4294967294,30
4294967294,61
4294967294,14
4294967294,20
4294967294,13
4294967294,127
4294967294,126
4294967294,18
4294967294,12
4294967294,427
4294967279,269
4294967278,57
4294967278,52
4294967278,50
4294967278,49
4294967278,48
4294967279,57
4294967279,56
4294967279,51
4294967279,48
4294967279,267
4294967278,263
4294967279,264
4294967279,262
4294967278,258
4294967279,284
4294967278,257
4294967278,367
4294967279,258
4294967278,345
4294967279,408
4294967278,342
4294967278,341
4294967279,405
4294967279,404
4294967278,339
4294967279,255
4294967278,382
4294967278,253
4294967278,246
4294967278,262
296,2
4294967294,925
4294967279,236
4294967294,967
4294967278,237
426,5
4294967279,232
426,4
426,3
426,2
426,1
4294967278,256
4294967278,228
4294967278,132
4294967278,131
4294967278,380
4294967278,130
4294967278,429
4294967278,129
4294967278,397
4294967278,128
4294967278,442
4294967278,127
4294967278,126
4294967278,338
4294967278,125
4294967278,379
4294967278,124
4294967278,337
4294967278,123
4294967278,122
4294967278,121
4294967278,120
4294967278,119
4294967278,118
4294967278,117
4294967278,116
4294967278,115
4294967278,114
4294967278,113
4294967278,235
4294967278,112
4294967278,111
4294967278,110
4294967278,109
4294967278,108
4294967278,105
4294967278,103
4294967278,102
4294967278,101
4294967278,100
4294967278,99
4294967278,98
4294967278,95
4294967278,94
4294967278,93
4294967278,92
4294967278,87
4294967278,85
4294967278,84
4294967278,83
4294967278,82
4294967278,79
4294967278,78
4294967278,77
4294967278,76
4294967278,74
4294967278,70
4294967278,69
4294967278,68
4294967278,67
4294967278,65
4294967278,346
4294967278,0
4294967279,84
4294967279,81
4294967279,72
4294967279,69
4294967279,63
4294967279,62
4294967279,410
4294967279,59
4294967279,53
4294967279,50
4294967279,49
4294967279,43
4294967279,41
4294967279,40
4294967279,39
4294967279,38
4294967279,37
4294967279,36
4294967279,35
4294967279,34
4294967279,32
4294967279,31
4294967279,30
4294967279,29
4294967279,28
4294967279,27
4294967279,26
4294967279,25
4294967279,24
4294967279,23
4294967279,22
4294967279,21
4294967279,20
4294967279,19
4294967279,17
4294967279,14
4294967279,13
4294967279,11
4294967279,227
4294967294,89
4294967294,960
4294967294,922
4294967294,438
4294967294,162
4294967278,107
4294967278,225
4294967279,225
4294967279,0
4294967278,106
4294967278,223
4294967279,223
4294967279,220
4294967294,38
4294967278,104
4294967278,398
4294967279,218
4294967279,486
4294967278,216
4294967279,216
425,5
425,4
425,3
425,2
425,1
4294967279,398
4294967278,211
4294967294,40
4294967278,96
4294967278,208
4294967279,506
4294967278,97
4294967278,329
4294967279,210
4294967294,107
4294967279,208
4294967278,206
4294967278,205
4294967294,907
4294967294,99
4294967294,36
4294967294,41
4294967278,91
4294967278,386
4294967294,5
4294967278,81
4294967294,50
4294967294,90
4294967294,86
4294967294,84
4294967294,955
4294967294,924
4294967294,53
4294967278,383
4294967294,45
4294967294,44
4294967279,493
4294967278,90
4294967278,327
4294967294,22
4294967279,467
4294967278,89
4294967278,428
4294967278,200
4294967294,8
4294967294,82
4294967279,440
4294967278,86
4294967278,199
4294967278,423
4294967278,197
4294967279,198
4294967278,194
4294967278,196
423,5
423,4
4294967278,195
423,3
423,2
423,1
4294967278,325
4294967279,193
4294967278,80
4294967278,193
4294967279,80
4294967279,419
4294967278,192
4294967278,75
4294967278,190
4294967279,191
4294967278,189
4294967279,190
4294967278,188
4294967278,72
4294967278,185
4294967278,73
4294967279,187
421,6
4294967279,70
4294967278,184
4294967278,375
4294967278,71
4294967279,495
4294967279,384
4294967278,183
421,5
4294967278,66
4294967278,181
4294967279,182
421,4
4294967278,180
421,3
421,2
421,1
4294967278,179
4294967279,180
4294967294,426
4294967294,6
4294967278,63
4294967294,92
4294967294,88
4294967294,414
4294967294,954
4294967294,425
4294967294,411
4294967294,168
4294967294,916
4294967294,403
4294967294,420
4294967294,384
4294967294,458
4294967294,452
4294967294,118
4294967294,457
4294967294,467
4294967294,418
4294967294,43
4294967279,179
4294967279,488
4294967278,374
4294967278,64
420,5
4294967279,60
4294967294,970
420,4
420,3
420,2
420,1
4294967278,373
4294967279,58
4294967279,412
4294967278,394
4294967279,484
4294967278,407
4294967279,167
4294967279,165
419,5
419,4
419,3
419,2
419,1
4294967278,358
4294967279,47
4294967279,424
4294967278,159
4294967279,159
4294967278,157
4294967279,158
4294967279,42
4294967279,153
417,5
417,4
417,3
417,2
417,1
4294967294,1357
4294967279,33
4294967279,475
4294967278,143
4294967278,142
416,4
416,3
416,2
416,1
4294967278,362
4294967294,402
4294967294,913
4294967294,918
4294967294,964
4294967294,170
4294967279,137
4294967278,136
4294967278,135
4294967279,439
4294967278,134
414,5
414,4
414,3
414,2
414,1
0,7
4294967294,1359
4294967294,27
4294967279,18
4294967279,480
4294967278,260
4294967279,16
4294967279,501
4294967279,472
4294967278,403
4294967278,351
4294967279,15
4294967279,468
4294967294,390
4294967294,115
4294967278,387
